        5 5; 3 5; 4; 3; 2
        6 6; 5 6; 5; 3; 2
        7 7; 6 7; 6; 5; 4
        8 8; 6; 5; 4
        9 9; 5 9; 8; 6; 5
        10 10; 7 10; 9; 7; 6
        11 11; 9 11; 10; 9; 7
        12 12; 11; 8; 6
        13 13; 12; 10; 9
        14 14; 13; 11; 9
        15 15; 14 15; 14; 13; 11
        16 16; 14; 13; 11
        17 17; 14 17; 16; 15; 14
        18 18; 11 18; 17; 16; 13
        19 19; 18; 17; 14
        20 20; 17 20; 19; 16; 14
        21 21; 19 21; 20; 19; 16
        22 22; 21 22; 19; 18; 17
        23 23; 18 23; 22; 20; 18
        24 24; 23; 21; 20
    25 25; 22 25; 24; 23; 22
    26 26; 25; 24; 20
    27 27; 26; 25; 22
    28 28; 25 28; 27; 24; 22
    29 29; 27 29; 28; 27; 25
    30 30; 29; 26; 24
    31 31; 28 31; 30; 29; 28
    32 32; 30; 26; 25
    33 33; 20 33; 32; 29; 27
    34 34; 31; 30; 26
    35 35; 33 35; 34; 28; 27
    36 36; 25 36; 35; 29; 28
    37 37; 36; 33; 31
    38 38; 37; 33; 32
    39 39; 35 39; 38; 35; 32
    40 40; 37; 36; 35
    41 41; 38 41; 40; 39; 38
    42 42; 40; 37; 35
    43 43; 42; 38; 37
    44 44; 42; 39; 38
    45 45; 44; 42; 41
    46 46; 40; 39; 38
    47 47; 42 47; 46; 43; 42
    48 48; 44; 41; 39
    49 49; 40 49; 45; 44; 43
    50 50; 48; 47; 46
    51 51; 50; 48; 45
    52 52; 49 52; 51; 49; 46
    53 53; 52; 51; 47
    54 54; 51; 48; 46
    55 55; 31 55; 54; 53; 49
    56 56; 54; 52; 49
    57 57; 50 57; 55; 54; 52
    58 58; 39 58; 57; 53; 52
    59 59; 57; 55; 52
    60 60; 59 60; 58; 56; 55
    61 61; 60; 59; 56
    62 62; 59; 57; 56
    63 63; 62 63; 62; 59; 58
    64 64; 63; 61; 60


